3,0.040
9,0.035
9,0.035
10,0.035
10,0.035
10,0.035
10,0.035
10,0.035
10,0.035
10,0.035
10,0.035
1,0.117
1,0.117
1,0.117
5,0.076
5,0.076
6,0.075
6,0.075
6,0.075
6,0.075
7,0.075
7,0.075
7,0.075
8,0.074
8,0.074
9,0.073
9,0.073
10,0.073
10,0.073
10,0.073
10,0.073
1,0.204
1,0.204
2,0.171
2,0.171
2,0.171
2,0.171
2,0.171
2,0.171
3,0.160
3,0.160
3,0.160
3,0.160
3,0.160
4,0.153
4,0.153
4,0.153
4,0.153
5,0.150
5,0.150
5,0.150
5,0.150
5,0.150
6,0.154
6,0.154
6,0.154
6,0.154
7,0.151
7,0.151
8,0.149
8,0.149
8,0.149
8,0.149
9,0.150
9,0.150
9,0.150
9,0.150
10,0.148
10,0.148
10,0.148
10,0.225
6,0.306
6,0.306
6,0.306
6,0.306
6,0.306
6,0.306
6,0.306
7,0.303
7,0.303
7,0.303
7,0.303
7,0.303
7,0.303
7,0.303
8,0.301
8,0.301
8,0.301
8,0.301
9,0.298
9,0.298
9,0.298
9,0.298
10,0.295
10,0.295
10,0.295
10,0.295
10,0.295
10,0.295
10,0.295
10,0.295
10,0.295
8,0.389
8,0.389
8,0.389
8,0.389
8,0.389
9,0.385
9,0.385
9,0.385
9,0.385
9,0.385
9,0.385
9,0.385
9,0.385
9,0.385
9,0.385
9,0.385
10,0.384
10,0.384
10,0.384
2,0.521
2,0.521
2,0.521
2,0.521
2,0.521
2,0.521
2,0.521
2,0.521
2,0.521
2,0.521
2,0.521
2,0.521
2,0.521
3,0.497
3,0.497
3,0.497
3,0.497
3,0.497
3,0.497
3,0.497
3,0.497
3,0.497
4,0.484
4,0.484
4,0.484
4,0.484
4,0.484
4,0.484
5,0.471
5,0.471
5,0.471
5,0.471
5,0.471
5,0.471
5,0.471
5,0.471
5,0.471
5,0.471
6,0.462
6,0.462
6,0.462
6,0.462
6,0.462
6,0.462
6,0.462
7,0.460
7,0.460
7,0.460
7,0.460
7,0.460
7,0.460
7,0.460
7,0.460
7,0.460
7,0.460
7,0.460
8,0.456
8,0.456
8,0.456
8,0.456
8,0.456
8,0.456
8,0.456
8,0.456
8,0.456
8,0.456
9,0.452
9,0.452
9,0.452
9,0.452
9,0.452
9,0.452
9,0.452
9,0.452
9,0.452
9,0.452
9,0.452
9,0.452
9,0.452
10,0.447
10,0.447
10,0.447
10,0.447
10,0.447
10,0.447
10,0.447
10,0.447
10,0.447
10,0.447
10,0.447
10,0.447
10,0.447
10,0.447
10,0.447
10,0.447
10,0.447
10,0.447
10,0.447
10,0.447
10,0.447
2,0.659
3,0.615
3,0.615
3,0.615
3,0.615
3,0.615
4,0.592
6,0.571
6,0.571
7,0.560
9,0.551
10,0.550
1,0.816
1,0.816
1,0.816
1,0.816
1,0.816
1,0.816
1,0.816
2,0.784
2,0.784
2,0.784
2,0.784
2,0.784
2,0.784
2,0.784
2,0.784
2,0.784
2,0.784
2,0.784
2,0.784
2,0.784
2,0.784
2,0.784
2,0.784
2,0.784
2,0.784
2,0.784
2,0.784
2,0.784
2,0.784
3,0.770
3,0.770
3,0.770
3,0.770
3,0.770
3,0.770
3,0.770
3,0.770
3,0.770
3,0.770
3,0.770
3,0.770
3,0.770
3,0.770
3,0.770
3,0.770
3,0.770
3,0.770
3,0.770
3,0.770
3,0.770
4,0.721
4,0.721
4,0.721
4,0.721
4,0.721
4,0.721
4,0.721
4,0.721
4,0.721
4,0.721
4,0.721
4,0.721
4,0.721
4,0.721
4,0.721
4,0.721
4,0.721
4,0.721
4,0.721
4,0.721
4,0.721
4,0.721
5,0.691
5,0.691
5,0.691
5,0.691
5,0.691
5,0.691
5,0.691
5,0.691
5,0.691
5,0.691
5,0.691
5,0.691
5,0.691
5,0.691
5,0.691
5,0.691
5,0.691
5,0.691
5,0.691
5,0.691
5,0.691
6,0.671
6,0.671
6,0.671
6,0.671
6,0.671
6,0.671
6,0.671
6,0.671
6,0.671
6,0.671
6,0.671
6,0.671
6,0.671
6,0.671
6,0.671
6,0.671
6,0.671
6,0.671
6,0.671
6,0.671
6,0.671
6,0.671
7,0.660
7,0.660
7,0.660
7,0.660
7,0.660
7,0.660
7,0.660
7,0.660
7,0.660
7,0.660
7,0.660
7,0.660
7,0.660
7,0.660
7,0.660
7,0.660
7,0.660
7,0.660
7,0.660
7,0.660
7,0.660
8,0.653
8,0.653
8,0.653
8,0.653
8,0.653
8,0.653
8,0.653
8,0.653
8,0.653
8,0.653
8,0.653
8,0.653
8,0.653
8,0.653
8,0.653
8,0.653
8,0.653
8,0.653
8,0.653
8,0.653
8,0.653
9,0.644
9,0.644
9,0.644
9,0.644
9,0.644
9,0.644
9,0.644
9,0.644
9,0.644
9,0.644
9,0.644
9,0.644
9,0.644
9,0.644
9,0.644
9,0.644
9,0.644
9,0.644
9,0.644
9,0.644
9,0.644
9,0.644
10,0.635
10,0.635
10,0.635
10,0.635
10,0.635
10,0.635
10,0.635
2,0.034
2,0.034
10,0.030
10,0.030
10,0.030
1,0.094
1,0.094
10,0.063
10,0.063
10,0.063
1,-4.813
1,-4.813
8,-0.496
9,-0.427
9,-0.427
9,-0.427
9,-0.427
9,-0.427
9,-0.427
9,-0.427
10,-0.372
10,-0.372
10,-0.372
10,-0.372
10,-0.372
10,-0.372
10,-0.372
10,-0.372
10,-0.372
10,-0.372
10,-0.372
10,-0.372
10,-0.372
10,-0.372
10,-0.372
10,-0.372
10,-0.372
10,-0.372
10,-0.372
1,-8.977
1,-8.977
2,-3.890
2,-3.890
2,-3.890
3,-2.552
1,0.110
1,0.110
2,0.084
2,0.084
2,0.084
2,0.084
3,0.077
3,0.077
3,0.077
3,0.077
4,0.073
4,0.073
4,0.073
5,0.071
5,0.071
5,0.071
5,0.071
6,0.069
6,0.069
6,0.069
6,0.069
7,0.067
7,0.067
7,0.067
8,0.066
8,0.066
8,0.066
8,0.066
9,0.065
9,0.065
9,0.065
9,0.065
10,0.065
10,0.065
10,0.065
10,0.065
10,0.065
10,0.065
10,0.065
10,0.065
1,0.204
2,0.163
2,0.163
2,0.163
2,0.163
2,0.163
3,0.149
3,0.149
3,0.149
3,0.149
3,0.149
4,0.140
4,0.140
4,0.140
5,0.134
5,0.134
6,0.131
6,0.131
7,0.130
7,0.130
8,0.128
8,0.128
9,0.126
9,0.126
9,0.126
9,0.126
10,0.126
10,0.126
10,0.126
10,0.126
3,0.217
5,0.202
6,0.199
6,0.199
6,0.199
6,0.199
7,0.194
7,0.194
7,0.194
7,0.194
7,0.194
7,0.194
7,0.194
8,0.193
8,0.193
8,0.193
8,0.193
8,0.193
8,0.193
9,0.192
9,0.192
9,0.192
9,0.192
9,0.192
9,0.192
9,0.192
10,0.192
10,0.192
10,0.192
10,0.192
1,108.511
1,108.511
1,108.511
1,108.511
1,108.511
1,108.511
1,108.511
1,108.511
1,108.511
2,54.415
2,54.415
2,54.415
2,54.415
2,54.415
2,54.415
2,54.415
2,54.415
2,54.415
2,54.415
2,54.415
3,36.353
3,36.353
3,36.353
3,36.353
3,36.353
3,36.353
3,36.353
3,36.353
6,18.294
6,18.294
6,18.294
2,0.036
6,0.030
7,0.030
7,0.030
8,0.029
9,0.029
9,0.029
10,0.029
10,0.029
10,0.029
1,0.356
1,0.356
1,0.356
1,0.356
1,0.356
1,0.356
1,0.356
2,0.291
2,0.291
2,0.291
2,0.291
2,0.291
2,0.291
2,0.291
2,0.291
2,0.291
3,0.279
3,0.279
3,0.279
3,0.279
3,0.279
3,0.279
3,0.279
4,0.272
4,0.272
4,0.272
4,0.272
4,0.272
5,0.266
5,0.266
5,0.266
5,0.266
5,0.266
5,0.266
5,0.266
6,0.262
6,0.262
6,0.262
6,0.262
6,0.262
6,0.262
6,0.262
6,0.262
7,0.258
7,0.258
7,0.258
7,0.258
7,0.258
7,0.258
7,0.258
7,0.258
8,0.256
8,0.256
8,0.256
8,0.256
8,0.256
8,0.256
8,0.256
8,0.256
9,0.257
9,0.257
9,0.257
9,0.257
9,0.257
9,0.257
9,0.257
10,0.254
10,0.254
10,0.254
10,0.254
10,0.254
2,0.359
3,0.339
3,0.339
3,0.339
3,0.339
3,0.339
3,0.339
3,0.339
3,0.339
3,0.339
3,0.339
3,0.339
3,0.339
3,0.339
4,0.329
4,0.329
4,0.329
4,0.329
4,0.329
4,0.329
4,0.329
4,0.329
4,0.329
4,0.329
4,0.329
4,0.329
4,0.329
4,0.329
5,0.321
5,0.321
5,0.321
5,0.321
5,0.321
5,0.321
5,0.321
5,0.321
5,0.321
5,0.321
5,0.321
5,0.321
5,0.321
5,0.321
6,0.317
6,0.317
6,0.317
6,0.317
6,0.317
6,0.317
6,0.317
6,0.317
6,0.317
6,0.317
6,0.317
6,0.317
6,0.317
6,0.317
7,0.317
7,0.317
7,0.317
7,0.317
7,0.317
7,0.317
7,0.317
7,0.317
7,0.317
7,0.317
7,0.317
7,0.317
7,0.317
8,0.316
8,0.316
8,0.316
8,0.316
8,0.316
8,0.316
8,0.316
8,0.316
8,0.316
8,0.316
8,0.316
8,0.316
8,0.316
8,0.316
9,0.313
9,0.313
9,0.313
9,0.313
9,0.313
9,0.313
9,0.313
9,0.313
9,0.313
9,0.313
9,0.313
9,0.313
9,0.313
9,0.313
10,0.310
10,0.310
10,0.310
10,0.310
10,0.310
10,0.310
10,0.310
1,0.510
1,0.510
1,0.510
1,0.510
1,0.510
1,0.510
1,0.510
1,0.510
1,0.510
1,0.510
1,0.510
2,0.447
2,0.447
2,0.447
2,0.447
2,0.447
2,0.447
2,0.447
3,0.418
3,0.418
3,0.418
3,0.418
3,0.418
3,0.418
3,0.418
4,0.402
4,0.402
4,0.402
4,0.402
4,0.402
4,0.402
4,0.402
4,0.402
4,0.402
4,0.402
4,0.402
4,0.402
4,0.402
4,0.402
4,0.402
5,0.392
5,0.392
5,0.392
5,0.392
5,0.392
5,0.392
5,0.392
5,0.392
5,0.392
6,0.387
6,0.387
6,0.387
6,0.387
6,0.387
6,0.387
6,0.387
6,0.387
6,0.387
7,0.387
7,0.387
7,0.387
7,0.387
7,0.387
7,0.387
7,0.387
8,0.386
8,0.386
8,0.386
8,0.386
8,0.386
8,0.386
8,0.386
8,0.386
8,0.386
8,0.386
9,0.384
9,0.384
9,0.384
9,0.384
9,0.384
9,0.384
9,0.384
9,0.384
9,0.384
9,0.384
9,0.384
10,0.384
10,0.384
10,0.384
2,0.520
2,0.520
2,0.520
2,0.520
2,0.520
2,0.520
2,0.520
2,0.520
2,0.520
3,0.482
3,0.482
3,0.482
3,0.482
3,0.482
3,0.482
3,0.482
3,0.482
3,0.482
3,0.482
4,0.468
4,0.468
4,0.468
4,0.468
4,0.468
4,0.468
4,0.468
4,0.468
4,0.468
4,0.468
4,0.468
4,0.468
4,0.468
5,0.456
5,0.456
5,0.456
5,0.456
5,0.456
5,0.456
5,0.456
5,0.456
6,0.452
6,0.452
6,0.452
6,0.452
6,0.452
6,0.452
6,0.452
6,0.452
6,0.452
6,0.452
6,0.452
6,0.452
6,0.452
6,0.452
6,0.452
6,0.452
7,0.445
7,0.445
7,0.445
7,0.445
7,0.445
7,0.445
7,0.445
7,0.445
7,0.445
7,0.445
7,0.445
7,0.445
8,0.448
8,0.448
8,0.448
8,0.448
8,0.448
8,0.448
8,0.448
8,0.448
8,0.448
8,0.448
8,0.448
8,0.448
9,0.444
9,0.444
9,0.444
9,0.444
9,0.444
9,0.444
9,0.444
9,0.444
9,0.444
9,0.444
9,0.444
10,0.440
10,0.440
10,0.440
10,0.440
1,0.678
1,0.678
1,0.678
1,0.678
2,0.579
2,0.579
2,0.579
2,0.579
2,0.579
2,0.579
2,0.579
2,0.579
2,0.579
2,0.579
2,0.579
2,0.579
2,0.579
2,0.579
2,0.579
2,0.579
3,0.549
3,0.549
3,0.549
3,0.549
3,0.549
3,0.549
3,0.549
3,0.549
3,0.549
3,0.549
3,0.549
4,0.530
4,0.530
4,0.530
4,0.530
4,0.530
4,0.530
4,0.530
4,0.530
4,0.530
4,0.530
4,0.530
5,0.523
5,0.523
5,0.523
5,0.523
5,0.523
5,0.523
5,0.523
5,0.523
5,0.523
5,0.523
5,0.523
5,0.523
5,0.523
5,0.523
5,0.523
5,0.523
6,0.513
6,0.513
6,0.513
6,0.513
6,0.513
6,0.513
6,0.513
6,0.513
6,0.513
6,0.513
6,0.513
6,0.513
6,0.513
7,0.510
7,0.510
7,0.510
7,0.510
7,0.510
7,0.510
7,0.510
7,0.510
7,0.510
7,0.510
7,0.510
7,0.510
7,0.510
7,0.510
8,0.507
8,0.507
8,0.507
8,0.507
8,0.507
8,0.507
8,0.507
8,0.507
8,0.507
8,0.507
8,0.507
8,0.507
8,0.507
8,0.507
8,0.507
8,0.507
9,0.509
9,0.509
9,0.509
9,0.509
9,0.509
9,0.509
9,0.509
9,0.509
9,0.509
10,0.506
10,0.506
10,0.506
10,0.506
10,0.506
2,0.041
2,0.041
7,0.037
7,0.037
8,0.036
8,0.036
9,0.035
10,0.035
10,0.035
10,0.035
3,0.025
3,0.025
3,0.025
3,0.025
3,0.025
3,0.025
3,0.025
3,0.025
3,0.025
3,0.025
3,0.025
4,0.042
5,0.040
5,0.040
5,0.040
5,0.040
5,0.040
5,0.040
5,0.040
5,0.040
5,0.040
5,0.040
5,0.040
5,0.040
5,0.040
5,0.040
5,0.040
5,0.040
5,0.040
5,0.040
5,0.040
5,0.040
5,0.040
5,0.040
5,0.040
5,0.040
5,0.040
5,0.040
5,0.040
5,0.040
5,0.040
5,0.040
5,0.040
5,0.040
5,0.040
5,0.040
5,0.040
5,0.040
5,0.040
5,0.040
1,0.116
1,0.116
1,0.116
3,0.091
3,0.091
3,0.091
4,0.086
4,0.086
4,0.086
5,0.083
5,0.083
5,0.083
5,0.083
5,0.083
5,0.083
2,0.176
3,0.164
3,0.164
3,0.164
3,0.164
3,0.164
4,0.159
4,0.159
4,0.159
4,0.159
4,0.159
5,0.156
5,0.156
5,0.156
5,0.156
5,0.156
5,0.156
5,0.156
5,0.156
5,0.156
5,0.156
1,0.324
1,0.324
1,0.324
2,0.272
2,0.272
2,0.272
2,0.272
2,0.272
2,0.272
2,0.272
2,0.272
3,0.249
3,0.249
3,0.249
3,0.249
3,0.249
3,0.249
3,0.249
3,0.249
4,0.241
4,0.241
4,0.241
4,0.241
4,0.241
4,0.241
4,0.241
4,0.241
5,0.238
5,0.238
5,0.238
5,0.238
5,0.238
5,0.238
5,0.238
1,0.428
2,0.368
2,0.368
2,0.368
2,0.368
2,0.368
2,0.368
2,0.368
2,0.368
2,0.368
2,0.368
2,0.368
3,0.343
3,0.343
3,0.343
3,0.343
3,0.343
3,0.343
3,0.343
3,0.343
3,0.343
3,0.343
3,0.343
4,0.328
4,0.328
4,0.328
4,0.328
4,0.328
4,0.328
4,0.328
4,0.328
4,0.328
4,0.328
4,0.328
5,0.320
5,0.320
5,0.320
5,0.320
5,0.320
5,0.320
2,0.432
3,0.407
3,0.407
3,0.407
3,0.407
3,0.407
3,0.407
3,0.407
3,0.407
3,0.407
3,0.407
3,0.407
3,0.407
3,0.407
3,0.407
4,0.401
4,0.401
4,0.401
4,0.401
4,0.401
4,0.401
4,0.401
4,0.401
4,0.401
4,0.401
4,0.401
4,0.401
4,0.401
5,0.390
5,0.390
5,0.390
5,0.390
5,0.390
5,0.390
2,0.558
2,0.558
2,0.558
2,0.558
2,0.558
2,0.558
2,0.558
2,0.558
2,0.558
2,0.558
2,0.558
2,0.558
3,0.515
3,0.515
3,0.515
3,0.515
3,0.515
3,0.515
3,0.515
3,0.515
3,0.515
3,0.515
3,0.515
3,0.515
3,0.515
3,0.515
3,0.515
4,0.497
4,0.497
4,0.497
4,0.497
4,0.497
4,0.497
4,0.497
4,0.497
4,0.497
4,0.497
4,0.497
4,0.497
4,0.497
4,0.497
4,0.497
4,0.497
5,0.491
5,0.491
5,0.491
5,0.491
5,0.491
5,0.491
5,0.491
5,0.491
5,0.491
5,0.491
5,0.491
5,0.491
5,0.491
5,0.491
5,0.491
2,0.041
3,0.036
5,0.034
5,0.034
5,0.034
5,0.034
5,0.034
1,0.098
5,0.068
5,0.068
5,0.068
5,0.068
5,0.068
5,0.068
5,0.068
5,0.068
3,0.141
3,0.141
4,0.138
4,0.138
4,0.138
4,0.138
4,0.138
4,0.138
5,0.134
5,0.134
5,0.134
5,0.134
5,0.134
5,0.134
5,0.134
5,0.134
5,0.134
5,0.134
3,0.219
3,0.219
3,0.219
3,0.219
3,0.219
3,0.219
4,0.209
4,0.209
4,0.209
4,0.209
4,0.209
4,0.209
4,0.209
4,0.209
5,0.206
5,0.206
5,0.206
5,0.206
5,0.206
5,0.206
5,0.206
5,0.206
2,0.306
2,0.306
2,0.306
2,0.306
2,0.306
2,0.306
3,0.290
3,0.290
3,0.290
3,0.290
3,0.290
3,0.290
3,0.290
3,0.290
3,0.290
3,0.290
4,0.275
4,0.275
4,0.275
4,0.275
4,0.275
4,0.275
4,0.275
4,0.275
4,0.275
4,0.275
4,0.275
5,0.272
5,0.272
5,0.272
5,0.272
5,0.272
5,0.272
5,0.272
5,0.272
1,0.441
1,0.441
2,0.375
2,0.375
2,0.375
2,0.375
2,0.375
2,0.375
2,0.375
2,0.375
2,0.375
2,0.375
2,0.375
2,0.375
2,0.375
3,0.354
3,0.354
3,0.354
3,0.354
3,0.354
3,0.354
3,0.354
3,0.354
3,0.354
3,0.354
3,0.354
3,0.354
3,0.354
3,0.354
4,0.342
4,0.342
4,0.342
4,0.342
4,0.342
4,0.342
4,0.342
4,0.342
4,0.342
4,0.342
4,0.342
4,0.342
4,0.342
5,0.338
5,0.338
5,0.338
5,0.338
5,0.338
5,0.338
5,0.338
2,0.513
2,0.513
2,0.513
2,0.513
2,0.513
2,0.513
2,0.513
2,0.513
2,0.513
2,0.513
2,0.513
3,0.470
3,0.470
3,0.470
3,0.470
3,0.470
3,0.470
3,0.470
3,0.470
3,0.470
3,0.470
3,0.470
3,0.470
3,0.470
3,0.470
3,0.470
3,0.470
4,0.444
4,0.444
4,0.444
4,0.444
4,0.444
4,0.444
4,0.444
4,0.444
4,0.444
4,0.444
4,0.444
4,0.444
4,0.444
4,0.444
4,0.444
4,0.444
5,0.433
5,0.433
5,0.433
5,0.433
5,0.433
5,0.433
5,0.433
5,0.433
5,0.433
5,0.433
5,0.433
5,0.433
5,0.433
5,0.433
5,0.433
1,0.097
1,0.097
1,0.097
2,0.082
2,0.082
2,0.082
3,0.075
3,0.075
3,0.075
4,0.073
4,0.073
4,0.073
5,0.071
5,0.071
6,0.070
6,0.070
6,0.070
7,0.068
7,0.068
8,0.068
8,0.068
8,0.068
9,0.067
10,0.066
10,0.066
12,0.065
12,0.065
13,0.066
13,0.066
14,0.066
15,0.066
15,0.066
15,0.066
16,0.066
17,0.065
17,0.065
18,0.065
18,0.065
19,0.064
20,0.064
21,0.065
22,0.065
23,0.065
23,0.065
23,0.065
24,0.065
24,0.065
25,0.065
25,0.065
26,0.064
26,0.064
27,0.064
27,0.064
28,0.064
28,0.064
29,0.064
29,0.064
30,0.064
2,0.041
11,0.030
12,0.029
13,0.029
13,0.029
14,0.029
14,0.029
15,0.028
16,0.028
16,0.028
17,0.028
17,0.028
18,0.028
19,0.028
19,0.028
20,0.028
20,0.028
21,0.028
22,0.028
22,0.028
23,0.029
23,0.029
24,0.029
25,0.029
25,0.029
26,0.029
27,0.029
27,0.029
28,0.029
28,0.029
29,0.029
30,0.028
30,0.028
2,0.038
2,0.038
3,0.035
4,0.034
4,0.034
5,0.033
5,0.033
6,0.033
7,0.032
7,0.032
8,0.031
8,0.031
9,0.032
10,0.032
10,0.032
11,0.032
11,0.032
12,0.031
13,0.031
13,0.031
14,0.031
15,0.031
15,0.031
16,0.030
16,0.030
17,0.031
18,0.031
18,0.031
19,0.031
19,0.031
20,0.031
21,0.031
21,0.031
22,0.031
22,0.031
23,0.030
24,0.030
24,0.030
25,0.030
25,0.030
26,0.030
27,0.030
27,0.030
28,0.030
28,0.030
29,0.030
30,0.030
1,0.197
1,0.197
1,0.197
2,0.160
2,0.160
2,0.160
2,0.160
2,0.160
2,0.160
3,0.145
3,0.145
3,0.145
3,0.145
3,0.145
3,0.145
4,0.141
4,0.141
4,0.141
4,0.141
4,0.141
5,0.137
5,0.137
5,0.137
5,0.137
5,0.137
5,0.137
6,0.138
6,0.138
6,0.138
6,0.138
6,0.138
6,0.138
7,0.136
7,0.136
7,0.136
7,0.136
7,0.136
8,0.134
8,0.134
8,0.134
8,0.134
8,0.134
8,0.134
9,0.133
9,0.133
9,0.133
9,0.133
9,0.133
9,0.133
10,0.131
10,0.131
10,0.131
10,0.131
10,0.131
11,0.131
11,0.131
11,0.131
11,0.131
11,0.131
11,0.131
12,0.130
12,0.130
12,0.130
12,0.130
12,0.130
12,0.130
13,0.129
13,0.129
13,0.129
13,0.129
13,0.129
13,0.129
14,0.129
14,0.129
14,0.129
14,0.129
14,0.129
15,0.129
15,0.129
15,0.129
15,0.129
15,0.129
15,0.129
16,0.129
16,0.129
16,0.129
16,0.129
16,0.129
16,0.129
17,0.129
17,0.129
17,0.129
17,0.129
17,0.129
18,0.129
18,0.129
18,0.129
18,0.129
18,0.129
18,0.129
19,0.128
19,0.128
19,0.128
19,0.128
19,0.128
19,0.128
20,0.128
20,0.128
20,0.128
20,0.128
20,0.128
21,0.128
21,0.128
21,0.128
21,0.128
21,0.128
21,0.128
22,0.128
22,0.128
22,0.128
22,0.128
22,0.128
22,0.128
23,0.128
23,0.128
23,0.128
23,0.128
23,0.128
24,0.128
24,0.128
24,0.128
24,0.128
24,0.128
24,0.128
25,0.128
25,0.128
25,0.128
25,0.128
25,0.128
25,0.128
26,0.127
26,0.127
26,0.127
26,0.127
26,0.127
26,0.127
27,0.127
27,0.127
27,0.127
27,0.127
27,0.127
28,0.127
28,0.127
28,0.127
28,0.127
28,0.127
28,0.127
29,0.127
29,0.127
29,0.127
29,0.127
29,0.127
29,0.127
30,0.126
30,0.126
30,0.126
30,0.126
1,0.431
1,0.431
1,0.431
1,0.431
1,0.431
1,0.431
1,0.431
1,0.431
2,0.345
2,0.345
2,0.345
2,0.345
2,0.345
2,0.345
2,0.345
2,0.345
2,0.345
2,0.345
2,0.345
3,0.317
3,0.317
3,0.317
3,0.317
3,0.317
3,0.317
3,0.317
3,0.317
3,0.317
3,0.317
3,0.317
4,0.302
4,0.302
4,0.302
4,0.302
4,0.302
4,0.302
4,0.302
4,0.302
4,0.302
4,0.302
4,0.302
5,0.298
5,0.298
5,0.298
5,0.298
5,0.298
5,0.298
5,0.298
5,0.298
5,0.298
5,0.298
6,0.291
6,0.291
6,0.291
6,0.291
6,0.291
6,0.291
6,0.291
6,0.291
6,0.291
6,0.291
6,0.291
7,0.288
7,0.288
7,0.288
7,0.288
7,0.288
7,0.288
7,0.288
7,0.288
7,0.288
7,0.288
7,0.288
8,0.284
8,0.284
8,0.284
8,0.284
8,0.284
8,0.284
8,0.284
8,0.284
8,0.284
8,0.284
8,0.284
9,0.281
9,0.281
9,0.281
9,0.281
9,0.281
9,0.281
9,0.281
9,0.281
9,0.281
9,0.281
10,0.277
10,0.277
10,0.277
10,0.277
10,0.277
10,0.277
10,0.277
10,0.277
10,0.277
10,0.277
10,0.277
11,0.276
11,0.276
11,0.276
11,0.276
11,0.276
11,0.276
11,0.276
11,0.276
11,0.276
11,0.276
11,0.276
12,0.273
12,0.273
12,0.273
12,0.273
12,0.273
12,0.273
12,0.273
12,0.273
12,0.273
12,0.273
12,0.273
13,0.272
13,0.272
13,0.272
13,0.272
13,0.272
13,0.272
13,0.272
13,0.272
13,0.272
13,0.272
14,0.271
14,0.271
14,0.271
14,0.271
14,0.271
14,0.271
14,0.271
14,0.271
14,0.271
14,0.271
14,0.271
15,0.270
15,0.270
15,0.270
15,0.270
15,0.270
15,0.270
15,0.270
15,0.270
15,0.270
15,0.270
15,0.270
16,0.270
16,0.270
16,0.270
16,0.270
16,0.270
16,0.270
16,0.270
16,0.270
16,0.270
16,0.270
16,0.270
17,0.269
17,0.269
17,0.269
17,0.269
17,0.269
17,0.269
17,0.269
17,0.269
17,0.269
17,0.269
18,0.268
18,0.268
18,0.268
18,0.268
18,0.268
18,0.268
18,0.268
18,0.268
18,0.268
18,0.268
18,0.268
19,0.268
19,0.268
19,0.268
19,0.268
19,0.268
19,0.268
19,0.268
19,0.268
19,0.268
19,0.268
19,0.268
20,0.266
20,0.266
20,0.266
20,0.266
20,0.266
20,0.266
20,0.266
20,0.266
20,0.266
20,0.266
20,0.266
21,0.265
21,0.265
21,0.265
21,0.265
21,0.265
21,0.265
21,0.265
21,0.265
21,0.265
21,0.265
22,0.265
22,0.265
22,0.265
22,0.265
22,0.265
22,0.265
22,0.265
22,0.265
22,0.265
22,0.265
22,0.265
23,0.265
23,0.265
23,0.265
23,0.265
23,0.265
23,0.265
23,0.265
23,0.265
23,0.265
23,0.265
23,0.265
24,0.264
24,0.264
24,0.264
24,0.264
24,0.264
24,0.264
24,0.264
24,0.264
24,0.264
24,0.264
24,0.264
25,0.264
25,0.264
25,0.264
25,0.264
25,0.264
25,0.264
25,0.264
25,0.264
25,0.264
25,0.264
26,0.263
26,0.263
26,0.263
26,0.263
26,0.263
26,0.263
26,0.263
26,0.263
26,0.263
26,0.263
26,0.263
27,0.262
27,0.262
27,0.262
27,0.262
27,0.262
27,0.262
27,0.262
27,0.262
27,0.262
27,0.262
27,0.262
28,0.261
28,0.261
28,0.261
28,0.261
28,0.261
28,0.261
28,0.261
28,0.261
28,0.261
28,0.261
28,0.261
29,0.261
29,0.261
29,0.261
29,0.261
29,0.261
29,0.261
29,0.261
29,0.261
29,0.261
29,0.261
30,0.261
30,0.261
1,0.048
1,0.048
4,0.034
4,0.034
5,0.033
5,0.033
6,0.032
7,0.031
7,0.031
8,0.031
9,0.031
9,0.031
10,0.030
10,0.030
11,0.031
12,0.031
12,0.031
13,0.031
13,0.031
14,0.031
15,0.030
15,0.030
16,0.030
16,0.030
17,0.030
18,0.030
18,0.030
19,0.030
19,0.030
20,0.030
21,0.030
21,0.030
22,0.030
22,0.030
23,0.030
24,0.030
24,0.030
25,0.030
26,0.030
26,0.030
27,0.030
27,0.030
28,0.030
29,0.030
29,0.030
30,0.030
4,0.034
4,0.034
4,0.034
5,0.034
6,0.034
7,0.034
7,0.034
8,0.034
8,0.034
9,0.035
10,0.034
10,0.034
11,0.034
11,0.034
12,0.034
13,0.035
13,0.035
14,0.034
14,0.034
15,0.035
16,0.034
16,0.034
17,0.035
17,0.035
18,0.035
19,0.035
19,0.035
20,0.035
20,0.035
21,0.034
22,0.034
22,0.034
23,0.034
23,0.034
24,0.034
25,0.034
25,0.034
26,0.034
27,0.034
27,0.034
28,0.034
28,0.034
28,0.034
28,0.034
28,0.034
28,0.034
28,0.034
28,0.034
28,0.034
28,0.034
28,0.034
28,0.034
28,0.034
28,0.034
28,0.034
28,0.034
28,0.034
28,0.034
28,0.034
28,0.034
28,0.034
28,0.034
28,0.034
28,0.034
28,0.034
28,0.034
28,0.034
28,0.034
28,0.034
28,0.034
28,0.034
28,0.034
28,0.034
28,0.034
28,0.034
28,0.034
2,0.040
2,0.040
4,0.038
4,0.038
5,0.036
5,0.036
6,0.036
7,0.036
7,0.036
8,0.036
8,0.036
9,0.036
10,0.036
10,0.036
11,0.036
11,0.036
12,0.036
13,0.036
13,0.036
14,0.036
15,0.036
15,0.036
16,0.036
16,0.036
17,0.036
18,0.036
18,0.036
19,0.035
19,0.035
20,0.035
21,0.036
21,0.036
22,0.035
22,0.035
23,0.035
24,0.035
24,0.035
25,0.035
25,0.035
26,0.035
27,0.035
27,0.035
28,0.035
28,0.035
29,0.035
30,0.035
30,0.035
1,0.118
2,0.096
2,0.096
2,0.096
3,0.088
3,0.088
3,0.088
4,0.085
4,0.085
4,0.085
5,0.082
5,0.082
5,0.082
6,0.081
6,0.081
6,0.081
7,0.079
7,0.079
7,0.079
7,0.079
8,0.079
8,0.079
8,0.079
9,0.078
9,0.078
9,0.078
10,0.077
10,0.077
10,0.077
11,0.077
11,0.077
11,0.077
12,0.077
12,0.077
12,0.077
13,0.077
13,0.077
13,0.077
13,0.077
14,0.076
14,0.076
14,0.076
15,0.076
15,0.076
15,0.076
16,0.076
16,0.076
16,0.076
17,0.076
17,0.076
17,0.076
18,0.075
18,0.075
18,0.075
19,0.075
19,0.075
19,0.075
19,0.075
20,0.076
20,0.076
20,0.076
21,0.076
21,0.076
21,0.076
22,0.076
22,0.076
22,0.076
23,0.076
23,0.076
23,0.076
24,0.076
24,0.076
24,0.076
25,0.076
25,0.076
25,0.076
25,0.076
26,0.076
26,0.076
26,0.076
27,0.076
27,0.076
27,0.076
28,0.076
28,0.076
28,0.076
29,0.076
29,0.076
29,0.076
30,0.076
3,0.041
4,0.040
1,0.213
1,0.213
1,0.213
1,0.213
2,0.177
2,0.177
2,0.177
2,0.177
2,0.177
2,0.177
3,0.165
3,0.165
3,0.165
3,0.165
3,0.165
4,0.162
4,0.162
4,0.162
4,0.162
4,0.162
4,0.162
5,0.157
5,0.157
5,0.157
5,0.157
5,0.157
5,0.157
5,0.157
5,0.157
5,0.157
5,0.157
5,0.157
5,0.157
5,0.157
5,0.157
5,0.157
5,0.157
5,0.157
5,0.157
5,0.157
5,0.157
5,0.157
5,0.157
5,0.157
5,0.157
5,0.157
5,0.157
5,0.157
5,0.157
5,0.157
5,0.157
5,0.157
5,0.157
5,0.157
5,0.157
5,0.157
5,0.157
5,0.157
5,0.157
5,0.157
5,0.157
5,0.157
5,0.157
5,0.157
5,0.157
5,0.157
5,0.157
5,0.157
5,0.157
5,0.157
5,0.157
5,0.157
5,0.157
5,0.157
5,0.157
5,0.157
5,0.157
5,0.157
5,0.157
5,0.157
5,0.157
5,0.157
5,0.157
5,0.157
5,0.157
5,0.157
5,0.157
1,0.226
1,0.226
1,0.226
2,0.185
2,0.185
2,0.185
2,0.185
2,0.185
3,0.178
3,0.178
3,0.178
3,0.178
3,0.178
3,0.178
4,0.170
4,0.170
4,0.170
4,0.170
4,0.170
4,0.170
5,0.166
5,0.166
5,0.166
5,0.166
5,0.166
5,0.166
5,0.166
5,0.166
5,0.166
5,0.166
5,0.166
5,0.166
5,0.166
5,0.166
5,0.166
5,0.166
5,0.166
5,0.166
5,0.166
5,0.166
5,0.166
5,0.166
5,0.166
5,0.166
5,0.166
5,0.166
5,0.166
5,0.166
5,0.166
5,0.166
5,0.166
5,0.166
5,0.166
5,0.166
5,0.166
5,0.166
5,0.166
5,0.166
5,0.166
5,0.166
5,0.166
5,0.166
5,0.166
5,0.166
5,0.166
5,0.166
5,0.166
5,0.166
5,0.166
5,0.166
5,0.166
5,0.166
5,0.166
5,0.166
5,0.166
5,0.166
5,0.166
5,0.166
5,0.166
5,0.166
5,0.166
5,0.166
5,0.166
5,0.166
5,0.166
5,0.166
5,0.166
5,0.166
5,0.166
5,0.166
5,0.166
1,0.208
1,0.208
2,0.181
2,0.181
2,0.181
2,0.181
3,0.167
3,0.167
3,0.167
3,0.167
3,0.167
3,0.167
4,0.163
4,0.163
4,0.163
4,0.163
4,0.163
5,0.159
5,0.159
5,0.159
5,0.159
5,0.159
5,0.159
6,0.157
6,0.157
6,0.157
6,0.157
6,0.157
6,0.157
7,0.154
7,0.154
7,0.154
7,0.154
7,0.154
7,0.154
8,0.154
8,0.154
8,0.154
8,0.154
8,0.154
9,0.151
9,0.151
9,0.151
9,0.151
9,0.151
9,0.151
10,0.152
10,0.152
10,0.152
10,0.152
10,0.152
10,0.152
11,0.151
11,0.151
11,0.151
11,0.151
11,0.151
12,0.150
12,0.150
12,0.150
12,0.150
12,0.150
12,0.150
13,0.150
13,0.150
13,0.150
13,0.150
13,0.150
13,0.150
14,0.150
14,0.150
14,0.150
14,0.150
14,0.150
15,0.150
15,0.150
15,0.150
15,0.150
15,0.150
15,0.150
16,0.150
16,0.150
16,0.150
16,0.150
16,0.150
16,0.150
17,0.149
17,0.149
17,0.149
17,0.149
17,0.149
17,0.149
18,0.149
18,0.149
18,0.149
18,0.149
18,0.149
19,0.148
19,0.148
19,0.148
19,0.148
19,0.148
19,0.148
20,0.148
20,0.148
20,0.148
20,0.148
20,0.148
20,0.148
21,0.148
21,0.148
21,0.148
21,0.148
21,0.148
22,0.148
22,0.148
22,0.148
22,0.148
22,0.148
22,0.148
23,0.148
23,0.148
23,0.148
23,0.148
23,0.148
23,0.148
24,0.148
24,0.148
24,0.148
24,0.148
24,0.148
25,0.147
25,0.147
25,0.147
25,0.147
25,0.147
25,0.147
26,0.147
26,0.147
26,0.147
26,0.147
26,0.147
26,0.147
27,0.148
27,0.148
27,0.148
27,0.148
27,0.148
27,0.148
28,0.148
28,0.148
28,0.148
28,0.148
28,0.148
29,0.148
29,0.148
29,0.148
29,0.148
29,0.148
29,0.148
30,0.147
1,0.428
1,0.428
1,0.428
1,0.428
1,0.428
1,0.428
1,0.428
1,0.428
2,0.349
2,0.349
2,0.349
2,0.349
2,0.349
2,0.349
2,0.349
2,0.349
2,0.349
2,0.349
3,0.332
3,0.332
3,0.332
3,0.332
3,0.332
3,0.332
3,0.332
3,0.332
3,0.332
3,0.332
3,0.332
4,0.325
4,0.325
4,0.325
4,0.325
4,0.325
4,0.325
4,0.325
4,0.325
4,0.325
4,0.325
4,0.325
5,0.316
5,0.316
5,0.316
5,0.316
5,0.316
5,0.316
5,0.316
5,0.316
5,0.316
5,0.316
5,0.316
6,0.312
6,0.312
6,0.312
6,0.312
6,0.312
6,0.312
6,0.312
6,0.312
6,0.312
6,0.312
7,0.308
7,0.308
7,0.308
7,0.308
7,0.308
7,0.308
7,0.308
7,0.308
7,0.308
7,0.308
7,0.308
8,0.305
8,0.305
8,0.305
8,0.305
8,0.305
8,0.305
8,0.305
8,0.305
8,0.305
8,0.305
8,0.305
9,0.303
9,0.303
9,0.303
9,0.303
9,0.303
9,0.303
9,0.303
9,0.303
9,0.303
9,0.303
9,0.303
10,0.302
10,0.302
10,0.302
10,0.302
10,0.302
10,0.302
10,0.302
10,0.302
10,0.302
10,0.302
10,0.302
11,0.302
11,0.302
11,0.302
11,0.302
11,0.302
11,0.302
11,0.302
11,0.302
11,0.302
11,0.302
12,0.303
12,0.303
12,0.303
12,0.303
12,0.303
12,0.303
12,0.303
12,0.303
12,0.303
12,0.303
12,0.303
13,0.302
13,0.302
13,0.302
13,0.302
13,0.302
13,0.302
13,0.302
13,0.302
13,0.302
13,0.302
13,0.302
14,0.301
14,0.301
14,0.301
14,0.301
14,0.301
14,0.301
14,0.301
14,0.301
14,0.301
14,0.301
14,0.301
15,0.302
15,0.302
15,0.302
15,0.302
15,0.302
15,0.302
15,0.302
15,0.302
15,0.302
15,0.302
16,0.302
16,0.302
16,0.302
16,0.302
16,0.302
16,0.302
16,0.302
16,0.302
16,0.302
16,0.302
16,0.302
17,0.303
17,0.303
17,0.303
17,0.303
17,0.303
17,0.303
17,0.303
17,0.303
17,0.303
17,0.303
17,0.303
18,0.302
18,0.302
18,0.302
18,0.302
18,0.302
18,0.302
18,0.302
18,0.302
18,0.302
18,0.302
18,0.302
19,0.301
19,0.301
19,0.301
19,0.301
19,0.301
19,0.301
19,0.301
19,0.301
19,0.301
19,0.301
19,0.301
20,0.301
20,0.301
20,0.301
20,0.301
20,0.301
20,0.301
20,0.301
20,0.301
20,0.301
20,0.301
21,0.301
21,0.301
21,0.301
21,0.301
21,0.301
21,0.301
21,0.301
21,0.301
21,0.301
21,0.301
21,0.301
22,0.301
22,0.301
22,0.301
22,0.301
22,0.301
22,0.301
22,0.301
22,0.301
22,0.301
22,0.301
22,0.301
23,0.300
23,0.300
23,0.300
23,0.300
23,0.300
23,0.300
23,0.300
23,0.300
23,0.300
23,0.300
23,0.300
24,0.300
24,0.300
24,0.300
24,0.300
24,0.300
24,0.300
24,0.300
24,0.300
24,0.300
24,0.300
25,0.300
25,0.300
25,0.300
25,0.300
25,0.300
25,0.300
25,0.300
25,0.300
25,0.300
25,0.300
25,0.300
26,0.300
26,0.300
26,0.300
26,0.300
26,0.300
26,0.300
26,0.300
26,0.300
26,0.300
26,0.300
26,0.300
27,0.299
27,0.299
27,0.299
27,0.299
27,0.299
27,0.299
27,0.299
27,0.299
27,0.299
27,0.299
27,0.299
28,0.299
28,0.299
28,0.299
28,0.299
28,0.299
28,0.299
28,0.299
28,0.299
28,0.299
28,0.299
28,0.299
29,0.299
29,0.299
29,0.299
29,0.299
29,0.299
29,0.299
29,0.299
29,0.299
29,0.299
29,0.299
30,0.299
30,0.299
30,0.299
30,0.299
1,0.098
2,0.077
2,0.077
3,0.071
3,0.071
3,0.071
4,0.067
4,0.067
4,0.067
4,0.067
5,0.066
5,0.066
5,0.066
1,0.099
2,0.079
2,0.079
3,0.071
3,0.071
3,0.071
4,0.068
4,0.068
5,0.066
5,0.066
6,0.066
7,0.065
7,0.065
8,0.064
8,0.064
8,0.064
9,0.063
10,0.063
10,0.063
1,0.094
3,0.076
3,0.076
4,0.071
4,0.071
4,0.071
4,0.071
5,0.067
5,0.067
5,0.067
6,0.065
6,0.065
6,0.065
7,0.066
7,0.066
7,0.066
8,0.065
8,0.065
8,0.065
9,0.065
9,0.065
9,0.065
10,0.064
10,0.064
10,0.064
10,0.064
10,0.064
10,0.064
10,0.064
10,0.064
10,0.064
10,0.064
10,0.064
10,0.064
10,0.064
10,0.064
10,0.064
2,0.098
3,0.087
3,0.087
4,0.084
4,0.084
4,0.084
5,0.082
5,0.082
5,0.082
6,0.079
6,0.079
6,0.079
7,0.080
7,0.080
7,0.080
7,0.080
8,0.081
8,0.081
8,0.081
9,0.080
9,0.080
9,0.080
10,0.079
3,51.34000
3,51.34000
3,51.34000
3,51.34000
3,51.34000
3,51.34000
3,51.34000
3,51.34000
3,51.34000
3,51.34000
3,51.34000
3,51.34000
3,51.34000
3,51.34000
3,51.34000
3,51.34000
3,51.34000
3,51.34000
3,51.34000
3,51.34000
3,51.34000
3,51.34000
3,51.34000
3,51.34000
3,51.34000
3,51.34000
3,51.34000
3,51.34000
3,51.34000
3,51.34000
3,51.34000
3,51.34000
3,51.34000
3,51.34000
3,51.34000
3,51.34000
3,51.34000
3,51.34000
3,51.34000
3,51.34000
3,51.34000
3,51.34000
3,51.34000
3,51.34000
3,51.34000
3,51.34000
3,51.34000
3,51.34000
3,51.34000
3,51.34000
3,51.34000
3,51.34000
3,51.34000
3,51.34000
3,51.34000
3,51.34000
3,51.34000
3,51.34000
3,51.34000
3,51.34000
3,51.34000
3,51.34000
3,51.34000
3,51.34000
3,51.34000
3,51.34000
3,51.34000
3,51.34000
3,51.34000
3,51.34000
3,51.34000
3,51.34000
3,51.34000
3,51.34000
3,51.34000
3,51.34000
3,51.34000
3,51.34000
3,51.34000
3,51.34000
3,51.34000
3,51.34000
3,51.34000
3,51.34000
3,51.34000
3,51.34000
3,51.34000
3,51.34000
3,51.34000
3,51.34000
3,51.34000
3,51.34000
3,51.34000
3,51.34000
3,51.34000
3,51.34000
3,51.34000
3,51.34000
3,51.34000
3,51.34000
3,51.34000
3,51.34000
3,51.34000
3,51.34000
3,51.34000
3,51.34000
3,51.34000
3,51.34000
3,51.34000
3,51.34000
3,51.34000
3,51.34000
3,51.34000
3,51.34000
3,51.34000
3,51.34000
3,51.34000
3,51.34000
3,51.34000
3,51.34000
3,51.34000
3,51.34000
3,51.34000
3,51.34000
3,51.34000
3,51.34000
3,51.34000
3,51.34000
3,51.34000
3,51.34000
3,51.34000
3,51.34000
3,51.34000
3,51.34000
3,51.34000
3,51.34000
3,51.34000
3,51.34000
3,51.34000
3,51.34000
3,51.34000
3,51.34000
3,51.34000
3,51.34000
3,51.34000
3,51.34000
3,51.34000
3,51.34000
3,51.34000
3,51.34000
3,51.34000
3,51.34000
3,51.34000
3,51.34000
3,51.34000
3,51.34000
3,51.34000
3,51.34000
3,51.34000000000016
3,51.34000000000016
3,51.34000000000016
3,51.34000000000016
3,51.34000000000016
3,51.34000000000016
3,51.34000000000016
3,51.34000000000016
3,51.34000000000016
3,51.34000000000016
3,51.34000000000016
3,51.34000000000016
3,51.34000000000016
3,51.34000
3,51.34000
3,51.34000
3,51.34000
3,51.34000
3,51.34000
3,51.34000
3,51.34000
3,51.34000
3,51.34000
3,51.34000
3,51.34000
3,51.34000
3,51.34000
3,51.34000
3,51.34000
3,51.34000
3,51.34000
3,51.34000
3,51.34000
3,51.34000
3,51.34000
3,51.34000
3,51.34000
3,51.34000
3,51.34000
3,51.34000
3,51.34000
3,51.34000
3,51.34000
3,51.34000
3,51.34000
3,51.34000
3,51.34000
3,51.34000
3,51.34000
3,51.34000
3,51.34000
3,51.34000
3,51.34000
3,51.34000
3,77.63300
4,75.63300
4,75.63300
4,75.63300
5,71.89800
5,71.89800
5,71.89800
5,71.89800
6,70.31200
6,70.31200
6,70.31200
7,70.09600
7,70.09600
8,70.23200
8,70.23200
8,70.23200
9,69.90600
9,69.90600
9,69.90600
10,69.90800
10,69.90800
10,69.90800
10,69.90800
10,69.90800
10,69.90800
10,69.90800
10,69.90800
10,69.90800
10,69.90800
10,69.90800
10,69.90800
10,69.90800
10,69.90800
10,69.90800
10,69.90800
10,69.90800
10,69.90800
10,69.90800
10,69.90800
10,69.90800
10,69.90800
10,69.90800
10,69.90800
10,69.90800
10,69.90800
10,69.90800
10,69.90800
10,69.90800
10,69.90800
10,69.90800
10,69.90800
10,69.90800
10,69.90800
10,69.90800
10,69.90800
10,69.90800
10,69.90800
10,69.90800
10,69.90800
10,69.90800
10,69.90800
10,69.90800
10,69.90800
10,69.90800
10,69.90800
10,69.90800
10,69.90800
10,69.90800
10,69.90800
10,69.90800
10,69.90800
10,69.90800
10,69.90800
10,69.90800
10,69.90800
10,69.90800
10,69.90800
10,69.90800
10,69.90800
10,69.90800
10,69.90800
2,67.85800
2,67.85800
3,65.50600
3,65.50600
3,65.50600
4,63.25400
4,63.25400
5,61.67800
5,61.67800
5,61.67800
6,60.38100
6,60.38100
6,60.38100
7,58.94700
7,58.94700
7,58.94700
7,58.94700
7,58.94700
7,58.94700
7,58.94700
7,58.94700
7,58.94700
7,58.94700
7,58.94700
7,58.94700
7,58.94700
7,58.94700
7,58.94700
7,58.94700
7,58.94700
7,58.94700
7,58.94700
7,58.94700
1,72.52000
1,72.52000
1,72.52000
2,56.76900
3,52.70500
3,52.70500
4,49.48100
4,49.48100
4,49.48100
5,46.39100
5,46.39100
5,46.39100
5,46.39100
5,46.39100
5,46.39100
5,46.39100
5,46.39100
5,46.39100
5,46.39100
5,46.39100
5,46.39100
5,46.39100
2,43.50100
10,36.54200
10,36.54200
10,36.54200
10,36.54200
10,36.54200
10,36.54200
10,36.54200
10,36.54200
10,36.54200
10,36.54200
10,36.54200
10,36.54200
10,36.54200
10,36.54200
10,36.54200
10,36.54200
3,33.95700
4,32.71100
5,33.58100
5,33.58100
